\e[49m                                                \e[m
\e[49m                                                \e[m
\e[49m                                                \e[m
\e[49m                                                \e[m
\e[49m                                                \e[m
\e[49m                                                \e[m
\e[49m                      \e[38;5;232;49m▄\e[38;5;0;49m▄\e[38;5;15;49m▄\e[38;5;250;49m▄\e[49m                      \e[m
\e[49m               \e[38;5;234;49m▄\e[38;5;233;49m▄\e[38;5;237;49m▄\e[38;5;152;48;5;236m▄\e[38;5;116;48;5;0m▄\e[38;5;116;48;5;251m▄\e[38;5;116;48;5;159m▄\e[38;5;80;48;5;80m▄\e[38;5;74;48;5;74m▄▄\e[38;5;74;48;5;158m▄\e[38;5;152;48;5;59m▄\e[38;5;239;49m▄\e[49m                    \e[m
\e[49m           \e[38;5;236;49m▄\e[38;5;15;48;5;234m▄\e[38;5;74;48;5;255m▄\e[38;5;32;48;5;116m▄\e[38;5;23;48;5;74m▄\e[38;5;17;48;5;31m▄\e[38;5;86;48;5;116m▄\e[38;5;74;48;5;74m▄\e[38;5;87;48;5;74m▄\e[38;5;74;48;5;74m▄\e[38;5;80;48;5;23m▄\e[38;5;80;48;5;66m▄\e[38;5;109;48;5;32m▄\e[38;5;74;48;5;74m▄▄▄\e[38;5;74;48;5;109m▄\e[38;5;255;49m▄\e[49m                   \e[m
\e[49m           \e[38;5;122;48;5;15m▄\e[38;5;80;48;5;123m▄\e[38;5;87;48;5;255m▄\e[38;5;24;48;5;32m▄\e[38;5;80;48;5;80m▄\e[38;5;74;48;5;80m▄\e[38;5;81;48;5;74m▄\e[38;5;116;48;5;80m▄\e[38;5;80;48;5;80m▄\e[38;5;67;48;5;158m▄\e[38;5;110;48;5;74m▄\e[38;5;74;48;5;74m▄\e[38;5;23;48;5;122m▄\e[38;5;24;48;5;67m▄\e[38;5;97;48;5;31m▄\e[38;5;235;48;5;81m▄\e[38;5;80;48;5;81m▄\e[38;5;80;48;5;116m▄\e[38;5;116;48;5;236m▄\e[38;5;239;49m▄\e[49m                 \e[m
\e[49m           \e[38;5;86;48;5;86m▄\e[38;5;24;48;5;74m▄\e[38;5;25;48;5;117m▄\e[38;5;25;48;5;123m▄\e[38;5;80;48;5;74m▄\e[38;5;74;48;5;80m▄▄\e[38;5;74;48;5;74m▄\e[38;5;32;48;5;32m▄\e[38;5;74;48;5;80m▄\e[38;5;81;48;5;60m▄\e[38;5;110;48;5;237m▄\e[38;5;97;48;5;238m▄\e[38;5;134;48;5;133m▄\e[38;5;176;48;5;213m▄\e[38;5;97;48;5;133m▄\e[38;5;23;48;5;67m▄\e[38;5;81;48;5;74m▄\e[38;5;81;48;5;38m▄\e[38;5;81;48;5;80m▄\e[38;5;122;48;5;59m▄\e[38;5;59;49m▄\e[49m               \e[m
\e[49m           \e[38;5;66;48;5;86m▄\e[38;5;66;48;5;74m▄\e[38;5;15;48;5;74m▄\e[38;5;38;48;5;23m▄\e[38;5;67;48;5;74m▄\e[38;5;255;48;5;152m▄\e[38;5;152;48;5;81m▄\e[38;5;67;48;5;74m▄\e[38;5;152;48;5;67m▄\e[38;5;80;48;5;109m▄\e[38;5;80;48;5;80m▄\e[38;5;74;48;5;67m▄\e[38;5;24;48;5;238m▄\e[38;5;238;48;5;97m▄\e[38;5;74;48;5;24m▄\e[38;5;80;48;5;237m▄\e[38;5;32;48;5;73m▄\e[38;5;74;48;5;80m▄\e[38;5;80;48;5;74m▄▄\e[38;5;86;48;5;74m▄\e[38;5;80;48;5;80m▄\e[38;5;15;48;5;242m▄\e[49m              \e[m
\e[49m             \e[49;38;5;0m▀\e[38;5;158;48;5;80m▄\e[38;5;24;48;5;24m▄\e[38;5;81;48;5;195m▄\e[38;5;74;48;5;81m▄\e[38;5;254;48;5;110m▄\e[38;5;110;48;5;122m▄\e[38;5;80;48;5;74m▄\e[38;5;74;48;5;74m▄\e[38;5;74;48;5;32m▄\e[38;5;74;48;5;80m▄\e[38;5;74;48;5;74m▄\e[38;5;80;48;5;74m▄\e[38;5;110;48;5;123m▄\e[38;5;236;48;5;80m▄\e[38;5;73;48;5;80m▄\e[38;5;60;48;5;80m▄\e[38;5;80;48;5;73m▄\e[38;5;74;48;5;67m▄\e[38;5;87;48;5;67m▄\e[38;5;74;48;5;247m▄\e[38;5;116;48;5;246m▄\e[38;5;232;49m▄\e[49m            \e[m
\e[49m              \e[49;38;5;254m▀\e[38;5;239;48;5;37m▄\e[38;5;73;48;5;74m▄\e[38;5;74;48;5;74m▄\e[38;5;116;48;5;159m▄\e[38;5;74;48;5;81m▄\e[38;5;81;48;5;110m▄\e[38;5;110;48;5;74m▄\e[38;5;80;48;5;74m▄\e[38;5;73;48;5;80m▄\e[38;5;80;48;5;74m▄\e[38;5;81;48;5;24m▄\e[38;5;80;48;5;24m▄\e[38;5;74;48;5;81m▄\e[38;5;74;48;5;74m▄\e[38;5;80;48;5;74m▄▄\e[38;5;74;48;5;32m▄\e[38;5;80;48;5;74m▄\e[38;5;80;48;5;67m▄\e[38;5;80;48;5;74m▄\e[38;5;80;48;5;15m▄\e[38;5;15;48;5;250m▄\e[49m           \e[m
\e[49m                \e[49;38;5;238m▀\e[38;5;235;48;5;25m▄\e[38;5;25;48;5;80m▄\e[38;5;74;48;5;80m▄\e[38;5;74;48;5;74m▄\e[38;5;32;48;5;81m▄\e[38;5;68;48;5;249m▄\e[38;5;116;48;5;158m▄\e[38;5;60;48;5;74m▄\e[38;5;24;48;5;80m▄▄▄\e[38;5;234;48;5;122m▄\e[38;5;234;48;5;116m▄\e[38;5;236;48;5;255m▄\e[38;5;109;48;5;116m▄\e[38;5;152;48;5;24m▄\e[38;5;146;48;5;60m▄\e[38;5;146;48;5;236m▄\e[38;5;235;48;5;0m▄\e[38;5;236;48;5;74m▄\e[49m           \e[m
\e[49m                  \e[49;38;5;236m▀\e[38;5;236;48;5;24m▄\e[38;5;74;48;5;25m▄\e[38;5;80;48;5;74m▄\e[38;5;60;48;5;66m▄\e[38;5;237;48;5;234m▄\e[38;5;240;48;5;66m▄\e[38;5;60;48;5;67m▄\e[38;5;240;48;5;109m▄\e[38;5;66;48;5;152m▄\e[38;5;109;48;5;152m▄\e[38;5;255;48;5;152m▄\e[38;5;254;48;5;66m▄▄▄\e[38;5;251;48;5;152m▄\e[38;5;232;48;5;152m▄\e[38;5;233;48;5;232m▄\e[38;5;234;49m▄\e[49m           \e[m
\e[49m                    \e[49;38;5;240m▀\e[38;5;253;48;5;116m▄\e[38;5;67;48;5;68m▄\e[38;5;235;48;5;239m▄\e[38;5;236;48;5;109m▄\e[38;5;60;48;5;152m▄\e[38;5;61;48;5;152m▄\e[38;5;24;48;5;59m▄\e[38;5;0;48;5;232m▄▄\e[38;5;0;48;5;233m▄\e[49;38;5;31m▀\e[49;38;5;74m▀\e[38;5;0;48;5;123m▄\e[49;38;5;31m▀\e[49;38;5;74m▀\e[38;5;0;48;5;86m▄\e[49m           \e[m
\e[49m                     \e[49;38;5;240m▀\e[49;38;5;0m▀▀\e[49;38;5;242m▀\e[49m                       \e[m
\e[49m                                                \e[m
\e[49m                                                \e[m
\e[49m                                                \e[m
\e[49m                                                \e[m
\e[49m                                                \e[m
\e[49m                                                \e[m