\e[49m                                                \e[m
\e[49m                                                \e[m
\e[49m                                                \e[m
\e[49m                                                \e[m
\e[49m                                                \e[m
\e[49m              \e[38;2;82;83;45;49m▄\e[38;2;88;57;30;49m▄\e[49m                                \e[m
\e[49m              \e[48;2;224;216;131m \e[48;2;244;151;69m \e[49m       \e[38;2;32;35;19;49m▄\e[38;2;32;34;24;49m▄\e[38;2;36;45;35;49m▄\e[49m                      \e[m
\e[49m              \e[38;2;227;219;138;48;2;224;216;131m▄\e[38;2;246;152;70;48;2;245;151;73m▄\e[49m     \e[38;2;32;32;21;49m▄\e[38;2;37;37;20;48;2;151;58;63m▄\e[38;2;221;215;134;48;2;230;217;138m▄\e[38;2;199;189;142;48;2;219;215;134m▄\e[38;2;223;215;132;48;2;223;209;126m▄\e[38;2;145;61;60;48;2;43;42;32m▄\e[38;2;31;38;26;49m▄\e[49m                    \e[m
\e[49m              \e[38;2;222;214;129;48;2;221;213;128m▄\e[38;2;243;154;70;48;2;246;153;71m▄\e[49m     \e[38;2;118;118;116;48;2;202;89;52m▄\e[38;2;206;89;45;48;2;200;95;55m▄\e[38;2;223;216;134;48;2;222;215;134m▄\e[38;2;99;94;51;48;2;220;213;134m▄\e[38;2;127;74;47;48;2;212;210;138m▄\e[38;2;109;54;54;48;2;147;60;60m▄\e[38;2;144;143;134;48;2;32;35;19m▄\e[49m                    \e[m
\e[49m              \e[48;2;223;214;129m \e[48;2;242;154;70m \e[49m    \e[38;2;153;60;61;48;2;20;28;13m▄\e[38;2;149;60;63;49m▄\e[38;2;29;36;20;48;2;25;25;12m▄\e[38;2;34;34;23;48;2;19;16;12m▄\e[38;2;34;34;21;48;2;14;13;9m▄\e[38;2;150;62;65;48;2;190;93;51m▄\e[38;2;31;32;22;48;2;17;21;9m▄\e[38;2;154;60;57;48;2;218;220;218m▄\e[38;2;224;217;141;48;2;220;220;218m▄\e[49m                   \e[m
\e[49m             \e[38;2;18;38;27;49m▄\e[38;2;162;75;74;48;2;223;214;126m▄\e[38;2;151;59;60;48;2;254;120;49m▄\e[38;2;32;35;24;49m▄\e[49m  \e[38;2;26;34;17;48;2;207;207;207m▄\e[38;2;157;69;70;48;2;152;59;56m▄\e[38;2;31;34;21;48;2;34;37;23m▄\e[38;2;149;62;58;48;2;32;32;22m▄\e[38;2;220;218;143;48;2;224;216;140m▄\e[38;2;195;129;68;48;2;193;132;69m▄\e[38;2;41;34;22;48;2;38;35;21m▄\e[38;2;22;39;38;48;2;22;36;15m▄\e[38;2;31;34;26;48;2;203;96;57m▄\e[49;38;2;208;90;41m▀\e[38;2;198;89;49;48;2;225;219;134m▄\e[38;2;147;66;53;48;2;183;183;180m▄\e[38;2;80;82;78;49m▄\e[49m                \e[m
\e[49m              \e[38;2;130;66;64;48;2;202;95;44m▄\e[38;2;30;31;25;48;2;33;33;24m▄\e[38;2;29;32;24;48;2;30;33;22m▄\e[38;2;168;92;62;49m▄\e[38;2;118;73;45;48;2;129;129;129m▄\e[38;2;58;24;11;48;2;201;89;49m▄\e[38;2;179;184;181;48;2;37;32;27m▄\e[49m \e[49;38;2;34;33;20m▀\e[38;2;42;41;39;48;2;33;30;18m▄\e[38;2;140;74;79;48;2;223;215;132m▄\e[38;2;47;35;28;48;2;46;32;18m▄\e[38;2;154;59;65;48;2;155;60;65m▄\e[38;2;126;62;61;48;2;36;35;23m▄\e[49m \e[38;2;129;133;129;48;2;42;44;32m▄\e[38;2;173;100;77;48;2;220;210;139m▄\e[38;2;78;37;29;48;2;191;189;131m▄\e[38;2;42;43;39;49m▄\e[49m               \e[m
\e[49m              \e[49;38;2;31;36;22m▀▀\e[49;38;2;141;62;76m▀\e[49;38;2;70;39;27m▀\e[38;2;29;29;25;48;2;103;55;39m▄\e[38;2;29;31;19;48;2;204;87;69m▄\e[49;38;2;35;34;31m▀\e[49m \e[38;2;33;33;19;48;2;119;119;113m▄\e[38;2;204;90;46;48;2;212;104;63m▄\e[38;2;29;31;19;48;2;32;34;18m▄\e[38;2;32;29;20;48;2;67;38;28m▄\e[38;2;220;216;134;48;2;129;65;62m▄\e[38;2;204;91;46;48;2;222;212;125m▄\e[38;2;29;33;22;49m▄\e[38;2;42;41;31;49m▄\e[38;2;191;92;51;48;2;186;94;49m▄\e[38;2;61;35;30;48;2;31;35;22m▄\e[38;2;222;214;140;48;2;52;25;10m▄\e[38;2;238;152;73;48;2;38;35;23m▄\e[38;2;33;41;31;49m▄\e[49m             \e[m
\e[49m                    \e[38;2;48;47;34;49m▄\e[38;2;207;90;51;49m▄\e[38;2;28;34;23;48;2;207;90;46m▄\e[49;38;2;152;57;60m▀\e[49;38;2;27;34;24m▀\e[49;38;2;37;39;16m▀\e[38;2;41;49;40;48;2;207;85;38m▄\e[38;2;224;213;131;48;2;211;98;59m▄\e[49;38;2;34;37;22m▀\e[38;2;40;40;34;48;2;148;61;65m▄\e[38;2;49;32;21;48;2;33;35;21m▄\e[38;2;167;105;78;48;2;168;103;80m▄\e[38;2;150;61;60;48;2;150;64;64m▄\e[38;2;146;61;60;48;2;226;217;134m▄\e[38;2;222;214;133;48;2;222;214;134m▄\e[49m             \e[m
\e[49m                   \e[38;2;27;34;21;48;2;44;52;42m▄\e[38;2;24;21;10;48;2;204;89;42m▄\e[38;2;155;64;62;48;2;36;29;24m▄\e[49m   \e[38;2;205;207;201;49m▄\e[38;2;226;219;142;48;2;160;63;69m▄\e[38;2;35;34;24;48;2;151;57;62m▄\e[49m   \e[49;38;2;31;34;25m▀\e[38;2;221;221;221;48;2;147;55;53m▄\e[38;2;221;221;221;48;2;220;216;131m▄\e[49;38;2;33;39;25m▀\e[49m             \e[m
\e[49m                    \e[38;2;26;37;23;48;2;154;59;61m▄\e[38;2;29;33;23;48;2;31;33;21m▄\e[38;2;48;49;41;48;2;34;35;25m▄\e[49m  \e[49;38;2;206;210;210m▀\e[38;2;14;23;15;48;2;147;137;96m▄\e[38;2;142;60;55;48;2;29;36;23m▄\e[38;2;200;95;57;48;2;127;67;39m▄\e[38;2;204;204;204;49m▄\e[49m                  \e[m
\e[49m                    \e[38;2;35;35;22;48;2;39;37;22m▄\e[38;2;29;32;15;48;2;30;34;24m▄\e[38;2;32;36;21;48;2;31;36;24m▄\e[49m    \e[49;38;2;37;37;26m▀\e[38;2;30;32;24;48;2;40;38;22m▄\e[38;2;37;42;30;48;2;201;89;43m▄\e[38;2;30;35;23;48;2;183;183;183m▄\e[49m                 \e[m
\e[49m                  \e[38;2;128;123;97;49m▄\e[38;2;30;37;26;49m▄\e[38;2;36;37;30;48;2;155;57;56m▄\e[38;2;31;36;24;48;2;147;58;60m▄\e[49;38;2;156;57;57m▀\e[49m    \e[38;2;32;33;25;49m▄\e[38;2;29;31;21;48;2;29;32;23m▄\e[38;2;32;31;25;48;2;38;33;25m▄\e[38;2;186;95;64;48;2;43;28;16m▄\e[38;2;82;81;77;48;2;122;60;63m▄\e[49m                \e[m
\e[49m                                                \e[m
\e[49m                                                \e[m
\e[49m                                                \e[m
\e[49m                                                \e[m
\e[49m                                                \e[m
\e[49m                                                \e[m