\e[49m                                                     \e[m
\e[49m                                                     \e[m
\e[49m                                                     \e[m
\e[49m                                                     \e[m
\e[49m                                                     \e[m
\e[49m                                                     \e[m
\e[49m                                                     \e[m
\e[49m                                                     \e[m
\e[49m                 \e[38;2;28;24;35;49m▄\e[38;2;30;24;35;49m▄▄\e[38;2;30;24;33;49m▄\e[38;2;91;84;92;48;2;30;24;31m▄\e[38;2;91;84;90;48;2;30;24;35m▄\e[38;2;91;84;90;48;2;30;23;37m▄\e[38;2;92;86;92;48;2;30;24;35m▄\e[38;2;92;86;89;48;2;30;24;35m▄\e[38;2;92;86;87;48;2;30;23;36m▄\e[38;2;92;86;89;48;2;30;24;35m▄▄\e[38;2;92;86;87;48;2;30;23;36m▄\e[38;2;92;86;89;48;2;30;24;35m▄\e[38;2;92;86;92;48;2;30;24;35m▄\e[38;2;29;22;30;49m▄\e[38;2;32;23;33;49m▄\e[38;2;39;24;68;49m▄\e[38;2;47;29;91;49m▄\e[49m                 \e[m
\e[49m              \e[38;2;17;34;85;49m▄\e[38;2;31;38;87;49m▄\e[38;2;26;26;25;49m▄\e[38;2;68;61;60;48;2;30;22;34m▄\e[38;2;69;62;58;48;2;30;22;32m▄\e[38;2;69;62;58;48;2;30;22;33m▄\e[38;2;92;86;82;48;2;30;24;31m▄\e[38;2;49;44;39;48;2;91;86;86m▄\e[38;2;49;44;42;48;2;91;87;84m▄\e[38;2;49;44;43;48;2;91;86;86m▄\e[38;2;50;45;45;48;2;92;88;85m▄▄\e[38;2;50;45;45;48;2;92;88;86m▄\e[38;2;50;45;45;48;2;92;88;83m▄\e[38;2;50;46;43;48;2;92;88;83m▄\e[38;2;50;45;43;48;2;93;88;83m▄\e[38;2;60;53;53;48;2;94;88;83m▄\e[38;2;68;60;59;48;2;95;88;85m▄\e[38;2;93;88;85;48;2;31;24;36m▄\e[38;2;93;86;87;48;2;35;24;35m▄\e[38;2;81;59;121;48;2;44;28;68m▄\e[38;2;77;50;141;48;2;46;26;98m▄\e[38;2;25;31;97;49m▄\e[38;2;36;19;37;49m▄\e[38;2;24;16;32;49m▄\e[49m              \e[m
\e[49m            \e[38;2;32;27;48;49m▄\e[38;2;45;42;146;48;2;28;28;87m▄\e[38;2;40;46;155;48;2;23;38;106m▄\e[38;2;39;46;158;48;2;41;93;157m▄\e[38;2;46;45;52;48;2;64;58;55m▄\e[38;2;48;47;43;48;2;49;44;43m▄\e[38;2;57;44;71;48;2;49;44;41m▄\e[38;2;81;47;135;48;2;53;41;48m▄\e[38;2;119;44;163;48;2;81;49;154m▄\e[38;2;87;44;143;48;2;121;41;163m▄\e[38;2;80;44;109;48;2;123;40;163m▄\e[38;2;55;38;56;48;2;124;39;163m▄\e[38;2;56;38;59;48;2;126;40;164m▄\e[38;2;128;41;154;48;2;124;41;164m▄\e[38;2;125;43;162;48;2;87;43;106m▄\e[38;2;125;47;154;48;2;50;47;44m▄\e[38;2;77;49;133;48;2;51;46;46m▄\e[38;2;48;45;47;48;2;48;47;46m▄\e[38;2;47;46;46;48;2;48;46;45m▄\e[38;2;48;46;45;48;2;50;45;45m▄\e[38;2;48;47;43;48;2;49;45;42m▄\e[38;2;48;46;43;48;2;65;60;58m▄\e[38;2;44;46;53;48;2;57;50;121m▄\e[38;2;38;46;70;48;2;44;39;152m▄\e[38;2;45;89;163;48;2;44;46;162m▄\e[38;2;70;62;59;48;2;89;84;80m▄\e[38;2;87;81;80;48;2;33;28;29m▄\e[38;2;91;86;87;48;2;30;24;33m▄\e[38;2;31;24;37;49m▄\e[49m            \e[m
\e[49m           \e[38;2;29;19;37;49m▄\e[38;2;72;56;62;48;2;29;21;37m▄\e[38;2;80;46;142;48;2;45;42;151m▄\e[38;2;72;53;113;48;2;48;43;136m▄\e[38;2;47;45;41;48;2;44;47;128m▄\e[38;2;47;47;43;48;2;48;49;42m▄\e[48;2;49;48;44m \e[38;2;59;42;84;48;2;57;44;72m▄\e[38;2;82;47;132;48;2;81;43;143m▄\e[38;2;47;49;39;48;2;118;50;146m▄\e[38;2;47;47;45;48;2;78;48;122m▄\e[38;2;48;46;45;48;2;74;51;87m▄\e[38;2;48;46;45;48;2;47;45;43m▄\e[38;2;48;46;45;48;2;50;44;47m▄\e[38;2;48;46;45;48;2;107;57;134m▄\e[38;2;49;47;46;48;2;110;51;137m▄\e[38;2;48;43;53;48;2;109;58;147m▄\e[38;2;81;43;143;48;2;82;44;147m▄\e[38;2;81;43;145;48;2;50;41;54m▄\e[38;2;59;44;91;48;2;48;45;48m▄\e[38;2;47;44;46;48;2;48;46;47m▄\e[38;2;45;47;45;48;2;48;47;43m▄\e[38;2;47;47;43;48;2;48;47;43m▄\e[38;2;46;48;39;48;2;46;47;43m▄\e[38;2;45;44;57;48;2;40;48;57m▄\e[38;2;41;92;161;48;2;40;92;162m▄\e[38;2;50;45;45;48;2;67;58;57m▄\e[38;2;48;47;43;48;2;88;83;81m▄\e[38;2;50;45;45;48;2;90;86;83m▄\e[38;2;91;86;85;48;2;31;24;39m▄\e[38;2;30;24;35;49m▄\e[49m           \e[m
\e[49m        \e[38;2;30;24;33;49m▄\e[38;2;65;60;63;48;2;29;23;32m▄\e[38;2;68;60;64;48;2;33;24;34m▄\e[38;2;55;46;50;48;2;70;60;64m▄\e[38;2;83;45;145;48;2;79;45;145m▄\e[38;2;46;44;49;48;2;47;42;48m▄\e[38;2;48;47;43;48;2;45;46;42m▄\e[48;2;48;46;45m  \e[48;2;50;46;46m \e[38;2;51;46;48;48;2;48;47;48m▄\e[38;2;51;44;49;48;2;51;43;51m▄\e[38;2;55;45;69;48;2;82;45;153m▄\e[38;2;49;45;45;48;2;48;46;45m▄\e[48;2;48;46;45m     \e[38;2;47;47;45;48;2;44;47;44m▄\e[38;2;50;46;43;48;2;50;45;43m▄\e[38;2;86;45;149;48;2;85;45;149m▄\e[38;2;59;44;91;48;2;59;44;90m▄\e[38;2;49;44;47;48;2;49;43;46m▄\e[38;2;29;55;56;48;2;35;130;159m▄\e[38;2;60;124;137;48;2;44;48;55m▄\e[38;2;43;121;147;48;2;49;104;130m▄\e[38;2;45;125;152;48;2;36;130;152m▄\e[38;2;38;49;71;48;2;38;90;157m▄\e[38;2;49;46;40;48;2;49;43;47m▄\e[38;2;47;47;47;48;2;47;47;45m▄\e[48;2;48;46;45m \e[38;2;49;45;44;48;2;50;45;45m▄\e[38;2;53;49;48;48;2;66;62;59m▄\e[38;2;92;86;90;48;2;31;25;34m▄\e[38;2;93;87;93;48;2;29;22;36m▄\e[38;2;30;24;33;49m▄\e[49m        \e[m
\e[49m        \e[38;2;32;23;33;48;2;32;23;35m▄\e[38;2;62;55;57;48;2;66;60;58m▄\e[38;2;69;64;63;48;2;68;61;59m▄\e[38;2;48;46;43;48;2;49;44;45m▄\e[38;2;50;47;41;48;2;81;50;129m▄\e[38;2;120;46;160;48;2;51;39;61m▄\e[38;2;109;54;137;48;2;55;39;57m▄\e[38;2;42;33;43;48;2;49;45;46m▄\e[38;2;217;156;254;48;2;52;42;56m▄\e[38;2;216;159;255;48;2;54;42;57m▄\e[38;2;224;166;254;48;2;53;43;52m▄\e[38;2;251;200;251;48;2;54;44;48m▄\e[38;2;48;45;46;48;2;51;46;48m▄\e[38;2;48;45;46;48;2;50;45;45m▄\e[38;2;47;45;45;48;2;48;46;45m▄\e[38;2;48;46;46;48;2;48;46;45m▄\e[48;2;48;46;45m   \e[38;2;47;47;44;48;2;47;47;43m▄\e[38;2;50;46;42;48;2;50;46;41m▄\e[38;2;43;46;155;48;2;78;47;157m▄\e[38;2;46;45;92;48;2;59;45;90m▄\e[38;2;48;45;47;48;2;49;43;46m▄\e[38;2;46;47;44;48;2;45;47;39m▄\e[38;2;49;46;41;48;2;52;123;145m▄\e[38;2;49;46;47;48;2;47;125;148m▄\e[38;2;45;45;47;48;2;56;122;140m▄\e[38;2;49;48;49;48;2;47;45;49m▄\e[38;2;241;200;245;48;2;53;43;49m▄\e[38;2;218;158;242;48;2;52;42;52m▄\e[38;2;208;155;243;48;2;56;39;53m▄\e[38;2;31;37;33;48;2;50;45;44m▄\e[38;2;52;45;46;48;2;50;45;45m▄\e[38;2;60;58;56;48;2;93;88;88m▄\e[38;2;67;62;61;48;2;92;86;86m▄\e[38;2;31;25;34;48;2;30;24;33m▄\e[49m        \e[m
\e[49m       \e[38;2;30;24;34;48;2;30;24;32m▄\e[38;2;48;46;43;48;2;65;59;61m▄\e[38;2;48;47;42;48;2;51;44;46m▄\e[38;2;47;45;43;48;2;49;44;43m▄\e[48;2;48;46;45m \e[38;2;48;48;48;48;2;49;45;52m▄\e[38;2;33;32;35;48;2;39;29;39m▄\e[38;2;54;33;66;48;2;58;31;75m▄\e[38;2;213;156;254;48;2;213;157;253m▄\e[38;2;248;195;251;48;2;248;197;253m▄\e[38;2;255;247;255;48;2;248;197;255m▄\e[38;2;255;245;254;48;2;243;209;251m▄\e[38;2;251;255;251;48;2;255;252;254m▄\e[38;2;255;253;254;48;2;255;254;255m▄\e[38;2;255;254;255;48;2;38;35;36m▄\e[38;2;188;187;188;48;2;41;39;39m▄\e[38;2;37;34;35;48;2;48;46;47m▄\e[48;2;48;46;45m   \e[38;2;41;52;51;48;2;47;47;46m▄\e[38;2;47;93;146;48;2;50;45;45m▄\e[38;2;39;44;156;48;2;43;45;157m▄\e[48;2;44;45;94m \e[48;2;49;45;45m \e[38;2;47;46;41;48;2;47;46;46m▄\e[38;2;36;36;38;48;2;48;46;45m▄\e[38;2;198;197;200;48;2;41;39;39m▄\e[38;2;253;253;255;48;2;37;37;37m▄\e[38;2;255;255;255;48;2;255;252;254m▄\e[38;2;255;255;254;48;2;255;252;255m▄\e[38;2;250;252;255;48;2;242;209;248m▄\e[38;2;255;243;255;48;2;249;197;253m▄\e[38;2;247;197;255;48;2;211;154;251m▄\e[38;2;42;34;44;48;2;41;31;46m▄\e[38;2;50;45;47;48;2;49;47;50m▄\e[38;2;48;41;41;48;2;47;43;42m▄\e[38;2;68;62;55;48;2;66;61;62m▄\e[38;2;30;23;35;48;2;30;23;32m▄\e[49m       \e[m
\e[49m       \e[48;2;28;24;35m \e[38;2;48;46;46;48;2;48;46;44m▄\e[38;2;48;46;44;48;2;48;46;43m▄\e[48;2;47;45;43m \e[48;2;48;46;45m \e[38;2;49;47;46;48;2;48;47;46m▄\e[38;2;49;47;44;48;2;38;36;37m▄\e[38;2;48;46;45;48;2;51;38;67m▄\e[38;2;41;32;39;48;2;199;166;233m▄\e[38;2;219;154;254;48;2;249;191;255m▄\e[38;2;250;194;255;48;2;255;244;255m▄\e[38;2;244;216;248;48;2;255;249;255m▄\e[38;2;254;255;254;48;2;251;255;255m▄\e[48;2;255;255;255m  \e[38;2;255;255;255;48;2;183;183;183m▄\e[38;2;254;255;255;48;2;36;36;36m▄\e[38;2;38;35;38;48;2;48;46;47m▄\e[38;2;48;45;49;48;2;48;46;47m▄\e[38;2;42;70;97;48;2;43;47;55m▄\e[38;2;39;93;165;48;2;29;51;73m▄\e[38;2;45;41;155;48;2;48;82;171m▄\e[38;2;48;46;38;48;2;42;47;120m▄\e[38;2;47;48;48;48;2;45;46;69m▄\e[38;2;49;47;50;48;2;50;45;47m▄\e[38;2;38;35;36;48;2;48;46;45m▄\e[38;2;255;254;255;48;2;37;37;39m▄\e[38;2;255;255;255;48;2;197;197;198m▄\e[38;2;255;255;254;48;2;255;255;255m▄\e[48;2;255;255;255m  \e[38;2;240;207;243;48;2;255;250;255m▄\e[38;2;247;197;247;48;2;255;247;255m▄\e[38;2;41;31;43;48;2;240;206;238m▄\e[38;2;50;44;50;48;2;41;34;42m▄\e[48;2;50;45;47m \e[38;2;48;41;41;48;2;49;42;42m▄\e[38;2;69;63;56;48;2;68;62;55m▄\e[38;2;32;22;35;48;2;31;22;35m▄\e[49m       \e[m
\e[49m     \e[38;2;27;25;32;48;2;27;25;34m▄\e[38;2;28;24;33;48;2;27;23;34m▄\e[38;2;38;37;38;48;2;48;46;44m▄\e[38;2;47;46;45;48;2;48;46;45m▄\e[38;2;66;114;130;48;2;48;46;47m▄\e[38;2;62;119;138;48;2;48;45;47m▄\e[38;2;61;123;144;48;2;48;46;45m▄\e[38;2;55;89;131;48;2;53;45;45m▄\e[38;2;42;45;47;48;2;48;47;51m▄\e[38;2;51;45;45;48;2;49;47;46m▄\e[38;2;49;46;46;48;2;49;47;46m▄\e[38;2;49;47;46;48;2;49;47;48m▄\e[38;2;76;54;112;48;2;39;36;37m▄\e[38;2;87;49;126;48;2;85;63;90m▄\e[38;2;117;44;152;48;2;249;197;255m▄\e[38;2;49;46;47;48;2;254;253;250m▄\e[38;2;47;47;45;48;2;255;255;255m▄\e[38;2;46;46;45;48;2;187;187;187m▄\e[38;2;47;46;46;48;2;45;45;45m▄\e[48;2;48;46;45m  \e[38;2;46;84;106;48;2;41;70;99m▄\e[38;2;54;116;164;48;2;40;92;152m▄\e[38;2;48;45;42;48;2;48;45;47m▄\e[38;2;48;46;43;48;2;49;45;42m▄\e[48;2;49;47;46m \e[38;2;48;47;47;48;2;48;48;48m▄\e[38;2;48;47;46;48;2;48;48;48m▄\e[38;2;48;47;46;48;2;48;48;46m▄\e[38;2;48;48;46;48;2;201;201;199m▄\e[38;2;47;46;45;48;2;255;255;254m▄\e[38;2;47;46;45;48;2;255;255;252m▄\e[38;2;55;41;55;48;2;248;197;253m▄\e[38;2;75;108;120;48;2;81;61;81m▄\e[38;2;57;123;135;48;2;49;42;51m▄\e[38;2;39;129;154;48;2;36;132;153m▄\e[38;2;27;54;60;48;2;38;131;152m▄\e[38;2;34;51;62;48;2;34;93;153m▄\e[38;2;27;47;70;48;2;50;95;139m▄\e[38;2;55;91;130;48;2;47;45;49m▄\e[38;2;67;60;59;48;2;68;60;59m▄\e[38;2;30;22;30;48;2;29;23;32m▄\e[38;2;28;24;34;48;2;30;24;34m▄\e[49m     \e[m
\e[49m     \e[38;2;27;26;31;48;2;28;25;31m▄\e[48;2;31;28;33m \e[38;2;37;33;39;48;2;39;34;40m▄\e[38;2;35;129;161;48;2;39;47;46m▄\e[38;2;37;128;160;48;2;44;128;147m▄\e[38;2;54;123;146;48;2;30;134;152m▄\e[38;2;47;47;45;48;2;47;120;144m▄\e[38;2;51;41;50;48;2;43;93;149m▄\e[38;2;55;89;160;48;2;34;48;56m▄\e[38;2;48;84;125;48;2;43;45;56m▄\e[38;2;37;32;39;48;2;48;46;46m▄\e[48;2;46;45;45m \e[38;2;121;45;149;48;2;88;46;139m▄\e[38;2;101;44;130;48;2;93;45;148m▄\e[38;2;51;46;45;48;2;115;53;147m▄\e[38;2;49;46;45;48;2;49;46;51m▄\e[48;2;49;48;44m \e[48;2;49;47;46m \e[48;2;49;47;47m \e[38;2;48;47;46;48;2;49;47;46m▄\e[38;2;50;46;47;48;2;49;47;45m▄\e[38;2;43;89;101;48;2;42;89;102m▄\e[38;2;42;126;156;48;2;45;132;153m▄\e[38;2;40;92;153;48;2;40;46;56m▄\e[38;2;49;45;55;48;2;49;47;45m▄\e[38;2;49;47;46;48;2;49;47;48m▄\e[38;2;49;47;45;48;2;49;47;46m▄\e[48;2;49;47;46m \e[38;2;48;47;45;48;2;49;47;46m▄\e[38;2;50;46;45;48;2;49;47;46m▄\e[38;2;49;47;45;48;2;49;47;46m▄\e[38;2;49;48;43;48;2;48;49;44m▄\e[48;2;49;48;44m \e[38;2;53;111;128;48;2;54;111;124m▄\e[38;2;41;127;154;48;2;36;127;165m▄\e[38;2;49;47;45;48;2;48;124;151m▄\e[38;2;39;33;41;48;2;45;45;42m▄\e[38;2;50;44;51;48;2;43;47;50m▄\e[38;2;50;45;48;48;2;39;47;48m▄\e[38;2;51;47;44;48;2;45;90;158m▄\e[38;2;66;62;57;48;2;67;61;59m▄\e[38;2;29;23;30;48;2;32;22;30m▄\e[48;2;28;24;34m \e[49m     \e[m
\e[49m     \e[38;2;28;25;32;48;2;27;25;31m▄\e[38;2;31;27;37;48;2;31;27;35m▄\e[38;2;37;33;40;48;2;37;33;41m▄\e[38;2;33;128;156;48;2;33;128;158m▄\e[38;2;25;52;66;48;2;30;90;146m▄\e[38;2;43;44;57;48;2;50;91;138m▄\e[38;2;48;44;43;48;2;47;45;43m▄\e[38;2;37;35;38;48;2;36;39;43m▄\e[38;2;247;196;254;48;2;213;156;252m▄\e[38;2;242;205;252;48;2;217;160;247m▄\e[38;2;255;251;254;48;2;242;198;248m▄\e[38;2;253;255;250;48;2;38;37;38m▄\e[38;2;243;199;252;48;2;86;48;136m▄\e[38;2;193;167;224;48;2;81;45;150m▄\e[38;2;34;24;91;48;2;81;47;149m▄\e[38;2;255;252;255;48;2;248;196;255m▄\e[38;2;255;255;255;48;2;48;46;45m▄\e[38;2;187;185;186;48;2;49;47;46m▄\e[38;2;38;35;39;48;2;46;45;42m▄\e[38;2;241;202;247;48;2;36;36;37m▄\e[38;2;255;251;255;48;2;242;202;248m▄\e[38;2;254;252;254;48;2;147;123;146m▄\e[38;2;254;252;255;48;2;40;46;46m▄\e[38;2;195;164;245;48;2;36;132;159m▄\e[38;2;254;248;255;48;2;246;200;254m▄\e[38;2;255;255;254;48;2;109;102;114m▄\e[38;2;255;255;254;48;2;35;32;40m▄\e[38;2;37;34;35;48;2;48;46;47m▄\e[38;2;255;252;255;48;2;42;35;37m▄\e[38;2;246;211;253;48;2;164;122;196m▄\e[38;2;243;198;252;48;2;208;158;240m▄\e[38;2;33;35;35;48;2;49;45;45m▄\e[38;2;255;255;255;48;2;49;47;46m▄\e[38;2;248;255;254;48;2;46;90;126m▄\e[38;2;243;255;255;48;2;38;93;153m▄\e[38;2;246;198;250;48;2;31;36;44m▄\e[38;2;248;196;254;48;2;209;152;249m▄\e[38;2;46;29;47;48;2;46;28;54m▄\e[38;2;36;33;36;48;2;40;35;39m▄\e[38;2;47;45;41;48;2;49;45;42m▄\e[38;2;67;60;58;48;2;66;61;58m▄\e[38;2;32;21;32;48;2;30;22;32m▄\e[48;2;28;24;34m \e[49m     \e[m
\e[49m     \e[48;2;27;26;33m \e[38;2;31;27;35;48;2;31;28;34m▄\e[38;2;36;33;40;48;2;36;32;41m▄\e[38;2;39;90;165;48;2;44;120;165m▄\e[38;2;27;39;55;48;2;35;47;62m▄\e[38;2;38;34;35;48;2;50;45;45m▄\e[38;2;45;46;43;48;2;47;46;44m▄\e[38;2;44;46;43;48;2;36;34;41m▄\e[38;2;209;156;250;48;2;247;195;255m▄\e[38;2;217;157;243;48;2;245;200;252m▄\e[38;2;249;194;254;48;2;255;245;255m▄\e[38;2;252;255;252;48;2;254;254;253m▄\e[38;2;252;255;251;48;2;236;206;239m▄\e[38;2;252;241;252;48;2;194;169;216m▄\e[38;2;251;197;253;48;2;30;25;88m▄\e[38;2;255;254;255;48;2;254;254;253m▄\e[48;2;255;255;255m \e[38;2;255;255;254;48;2;187;185;185m▄\e[38;2;255;255;255;48;2;34;35;41m▄\e[38;2;251;255;250;48;2;245;199;248m▄\e[38;2;255;255;254;48;2;255;250;255m▄\e[38;2;255;255;254;48;2;255;254;255m▄\e[38;2;253;255;255;48;2;255;253;254m▄\e[38;2;251;255;252;48;2;207;158;233m▄\e[38;2;252;255;255;48;2;248;254;250m▄\e[38;2;255;255;255;48;2;255;254;255m▄\e[48;2;255;255;255m \e[38;2;255;254;255;48;2;37;34;35m▄\e[38;2;255;255;255;48;2;255;254;254m▄\e[38;2;251;255;251;48;2;244;215;246m▄\e[38;2;255;254;255;48;2;244;205;244m▄\e[38;2;251;194;255;48;2;49;27;49m▄\e[38;2;254;254;253;48;2;255;254;254m▄\e[48;2;255;255;255m \e[38;2;252;255;251;48;2;251;254;250m▄\e[38;2;250;255;247;48;2;244;202;248m▄\e[38;2;243;201;248;48;2;243;200;248m▄\e[38;2;55;39;56;48;2;43;26;45m▄\e[38;2;48;46;47;48;2;36;31;35m▄\e[38;2;47;47;45;48;2;47;47;43m▄\e[38;2;48;46;43;48;2;64;62;58m▄\e[38;2;29;23;33;48;2;30;23;32m▄\e[38;2;30;24;34;48;2;28;24;34m▄\e[49m     \e[m
\e[49m     \e[49;38;2;28;25;33m▀\e[49;38;2;31;27;36m▀\e[38;2;31;27;35;48;2;36;33;42m▄\e[38;2;36;35;42;48;2;40;32;41m▄\e[38;2;48;86;144;48;2;49;86;141m▄\e[38;2;48;91;139;48;2;53;90;133m▄\e[38;2;35;35;37;48;2;47;47;47m▄\e[38;2;37;34;39;48;2;50;45;45m▄\e[38;2;47;46;49;48;2;49;47;43m▄\e[38;2;52;41;52;48;2;68;48;81m▄\e[38;2;55;38;52;48;2;215;154;254m▄\e[38;2;244;201;247;48;2;253;255;254m▄\e[38;2;255;254;255;48;2;255;255;255m▄\e[38;2;255;255;255;48;2;255;254;255m▄▄\e[38;2;255;255;254;48;2;255;255;255m▄▄\e[38;2;249;233;250;48;2;255;255;255m▄\e[38;2;243;203;248;48;2;255;255;255m▄\e[38;2;254;255;252;48;2;255;255;253m▄\e[48;2;255;255;253m \e[48;2;255;255;255m      \e[38;2;243;203;248;48;2;255;255;255m▄\e[38;2;255;254;254;48;2;255;255;255m▄\e[48;2;255;255;255m \e[38;2;255;255;255;48;2;255;255;252m▄\e[38;2;255;255;255;48;2;251;255;249m▄\e[38;2;255;255;254;48;2;252;255;253m▄\e[38;2;237;213;236;48;2;253;255;255m▄\e[38;2;233;197;241;48;2;255;249;254m▄\e[38;2;59;39;147;48;2;243;199;245m▄\e[38;2;48;47;47;48;2;45;31;42m▄\e[38;2;47;45;45;48;2;48;45;49m▄\e[38;2;47;45;42;48;2;46;45;44m▄\e[38;2;47;47;46;48;2;47;47;47m▄\e[38;2;31;27;35;48;2;37;34;33m▄\e[49;38;2;32;26;35m▀\e[49;38;2;30;24;34m▀\e[49m     \e[m
\e[49m       \e[48;2;30;26;34m \e[38;2;37;33;41;48;2;36;35;42m▄\e[38;2;47;49;143;48;2;52;83;147m▄\e[38;2;37;50;151;48;2;51;88;146m▄\e[38;2;50;99;166;48;2;30;36;50m▄\e[38;2;34;33;38;48;2;36;35;39m▄\e[38;2;36;35;36;48;2;45;42;46m▄\e[38;2;39;34;42;48;2;51;47;41m▄\e[38;2;38;35;38;48;2;52;45;46m▄\e[38;2;47;44;47;48;2;246;198;250m▄\e[38;2;244;198;248;48;2;255;251;255m▄\e[38;2;198;169;203;48;2;255;253;255m▄\e[38;2;41;35;40;48;2;255;255;255m▄\e[38;2;250;198;255;48;2;255;253;254m▄\e[38;2;255;253;255;48;2;255;255;254m▄\e[38;2;186;185;186;48;2;248;236;248m▄\e[38;2;41;31;40;48;2;244;200;250m▄\e[38;2;248;199;255;48;2;255;251;254m▄\e[38;2;253;255;253;48;2;254;254;254m▄\e[38;2;254;253;255;48;2;255;255;254m▄\e[38;2;244;255;254;48;2;255;254;255m▄\e[38;2;38;92;158;48;2;248;255;255m▄\e[38;2;250;253;253;48;2;255;255;255m▄\e[38;2;255;253;252;48;2;255;254;255m▄\e[38;2;255;253;254;48;2;255;255;255m▄\e[38;2;49;46;45;48;2;243;201;248m▄\e[38;2;252;255;255;48;2;255;252;255m▄\e[38;2;243;209;239;48;2;255;253;255m▄\e[38;2;242;202;248;48;2;255;253;255m▄\e[38;2;48;46;47;48;2;255;255;255m▄\e[38;2;238;196;244;48;2;255;251;254m▄\e[38;2;78;61;77;48;2;243;207;244m▄\e[38;2;48;44;47;48;2;237;203;251m▄\e[38;2;43;41;161;48;2;39;43;154m▄\e[38;2;45;43;154;48;2;44;46;62m▄\e[38;2;47;42;72;48;2;47;46;49m▄\e[38;2;47;43;47;48;2;50;46;44m▄\e[38;2;39;36;40;48;2;47;46;49m▄\e[38;2;30;24;35;48;2;28;25;33m▄\e[49m       \e[m
\e[49m        \e[49;38;2;30;26;33m▀\e[38;2;31;25;34;48;2;40;34;43m▄\e[38;2;27;24;38;48;2;35;31;64m▄\e[38;2;23;23;50;48;2;42;45;156m▄\e[38;2;27;22;48;48;2;45;43;157m▄\e[38;2;79;47;130;48;2;36;30;45m▄\e[38;2;71;48;99;48;2;37;36;39m▄\e[38;2;37;34;36;48;2;39;36;38m▄\e[38;2;38;34;39;48;2;38;35;38m▄\e[38;2;37;34;38;48;2;47;45;46m▄\e[38;2;37;36;37;48;2;48;47;48m▄\e[38;2;38;36;35;48;2;49;47;46m▄\e[38;2;38;35;34;48;2;49;45;45m▄\e[38;2;44;28;52;48;2;215;153;255m▄\e[38;2;32;33;45;48;2;157;123;176m▄\e[38;2;38;35;37;48;2;49;46;48m▄\e[38;2;36;34;40;48;2;35;35;36m▄\e[38;2;39;32;49;48;2;248;196;255m▄\e[38;2;41;62;101;48;2;143;144;204m▄\e[38;2;44;87;147;48;2;36;93;158m▄\e[38;2;32;37;59;48;2;40;92;154m▄\e[38;2;38;34;44;48;2;37;36;45m▄\e[38;2;37;40;34;48;2;166;137;170m▄\e[38;2;46;31;45;48;2;251;197;254m▄\e[38;2;42;37;36;48;2;49;45;42m▄\e[38;2;44;34;52;48;2;252;192;255m▄\e[38;2;33;34;40;48;2;103;86;100m▄\e[38;2;39;37;36;48;2;49;47;46m▄▄\e[38;2;39;36;38;48;2;49;47;48m▄▄\e[38;2;39;36;40;48;2;50;45;49m▄\e[38;2;28;24;30;48;2;37;34;40m▄\e[38;2;28;24;31;48;2;38;34;40m▄\e[38;2;44;31;86;48;2;79;48;136m▄\e[38;2;42;24;93;48;2;84;48;126m▄\e[49;38;2;28;25;28m▀\e[49m        \e[m
\e[49m         \e[49;38;2;28;25;31m▀\e[49;38;2;30;24;35m▀\e[49;38;2;30;21;36m▀\e[49;38;2;30;20;36m▀\e[38;2;31;24;34;48;2;75;51;129m▄\e[38;2;36;24;56;48;2;69;50;107m▄\e[38;2;44;29;91;48;2;39;32;52m▄\e[38;2;31;24;38;48;2;38;32;40m▄\e[38;2;30;24;33;48;2;37;31;39m▄\e[38;2;30;24;35;48;2;38;32;41m▄▄\e[38;2;30;24;33;48;2;37;33;41m▄\e[38;2;30;24;35;48;2;37;33;39m▄▄\e[38;2;30;24;35;48;2;38;32;41m▄\e[38;2;28;24;32;48;2;39;32;39m▄\e[38;2;30;39;88;48;2;34;40;57m▄\e[38;2;30;30;63;48;2;46;62;99m▄\e[38;2;29;24;34;48;2;62;83;132m▄\e[38;2;31;24;36;48;2;37;35;34m▄\e[38;2;30;24;35;48;2;37;31;42m▄\e[38;2;30;24;35;48;2;37;31;40m▄▄\e[38;2;30;24;35;48;2;36;32;40m▄▄▄\e[38;2;30;24;35;48;2;37;31;40m▄\e[38;2;30;24;35;48;2;36;32;40m▄▄\e[38;2;30;24;35;48;2;37;31;40m▄\e[38;2;30;24;33;48;2;37;31;40m▄\e[49;38;2;30;24;33m▀\e[49;38;2;30;23;36m▀\e[49;38;2;46;30;80m▀\e[49;38;2;48;29;91m▀\e[49m         \e[m