\e[49m                                                                \e[m
\e[49m                                                                \e[m
\e[49m                                                                \e[m
\e[49m                                                                \e[m
\e[49m                                                                \e[m
\e[49m                                                                \e[m
\e[49m                                                                \e[m
\e[49m                                                                \e[m
\e[49m                                                                \e[m
\e[49m                                                                \e[m
\e[49m                                                                \e[m
\e[49m                     \e[38;2;0;0;0;49m▄\e[38;2;77;59;44;49m▄\e[38;2;0;0;0;49m▄\e[38;2;24;18;13;49m▄\e[38;2;45;35;25;48;2;0;0;0m▄\e[38;2;0;0;0;49m▄\e[38;2;144;117;92;49m▄▄\e[38;2;50;39;28;49m▄\e[38;2;0;0;0;49m▄\e[49m                                 \e[m
\e[49m                     \e[38;2;113;87;64;48;2;0;0;0m▄\e[38;2;177;145;116;48;2;33;27;21m▄\e[38;2;113;87;64;48;2;24;19;15m▄\e[38;2;125;97;73;48;2;143;116;91m▄\e[38;2;113;87;64;48;2;50;39;28m▄\e[38;2;142;109;80;48;2;59;46;33m▄\e[38;2;73;57;41;48;2;85;66;48m▄▄▄\e[38;2;113;87;64;48;2;73;57;41m▄\e[38;2;157;126;99;48;2;9;6;4m▄\e[38;2;157;128;101;48;2;0;0;0m▄\e[38;2;73;57;41;49m▄▄\e[38;2;0;0;0;49m▄▄▄\e[49m                          \e[m
\e[49m                   \e[38;2;0;0;0;49m▄\e[38;2;142;109;80;48;2;0;0;0m▄\e[38;2;142;109;80;48;2;113;87;64m▄\e[38;2;142;109;80;48;2;45;35;25m▄\e[38;2;142;109;80;48;2;149;124;72m▄\e[38;2;80;62;45;48;2;170;138;109m▄\e[38;2;73;57;41;48;2;177;145;116m▄\e[38;2;0;0;0;48;2;73;57;41m▄▄\e[38;2;73;57;41;48;2;113;87;64m▄▄\e[38;2;73;57;41;48;2;142;109;80m▄\e[38;2;73;57;41;48;2;94;73;53m▄\e[38;2;85;66;48;48;2;113;87;64m▄\e[38;2;142;109;80;48;2;113;87;64m▄▄▄▄\e[38;2;177;145;116;48;2;113;87;64m▄\e[38;2;113;87;64;48;2;73;57;41m▄\e[38;2;132;102;75;48;2;73;57;41m▄\e[38;2;177;145;116;48;2;0;0;0m▄\e[38;2;73;57;41;49m▄\e[38;2;0;0;0;49m▄\e[49m  \e[38;2;0;0;0;49m▄\e[38;2;73;57;41;49m▄\e[38;2;22;17;12;48;2;0;0;0m▄\e[49m                \e[m
\e[49m                   \e[49;38;2;113;87;64m▀\e[48;2;113;87;64m  \e[38;2;0;0;0;48;2;73;57;41m▄\e[38;2;0;0;0;48;2;85;66;48m▄\e[38;2;13;10;7;48;2;118;91;67m▄\e[48;2;0;0;0m \e[38;2;113;87;64;48;2;73;57;41m▄\e[48;2;113;87;64m \e[38;2;142;109;80;48;2;73;57;41m▄▄\e[48;2;142;109;80m \e[38;2;35;27;20;48;2;85;66;48m▄\e[38;2;80;62;45;48;2;125;97;73m▄\e[38;2;113;87;64;48;2;177;145;116m▄▄\e[48;2;113;87;64m \e[38;2;113;87;64;48;2;142;109;80m▄\e[48;2;142;109;80m \e[38;2;142;109;80;48;2;177;145;116m▄\e[38;2;133;105;80;48;2;85;66;48m▄\e[38;2;0;0;0;48;2;80;62;45m▄\e[38;2;73;57;41;48;2;113;87;64m▄\e[38;2;177;145;116;48;2;142;109;80m▄\e[48;2;177;145;116m \e[38;2;113;87;64;48;2;177;145;116m▄\e[38;2;142;109;80;48;2;73;57;41m▄\e[38;2;0;0;0;48;2;73;57;41m▄\e[49;38;2;0;0;0m▀\e[49m                \e[m
\e[49m                        \e[48;2;0;0;0m \e[38;2;91;70;51;48;2;0;0;0m▄\e[38;2;14;10;7;48;2;73;57;41m▄\e[48;2;0;0;0m \e[38;2;122;93;69;48;2;142;109;80m▄\e[38;2;166;133;104;48;2;142;109;80m▄\e[38;2;85;66;48;48;2;177;145;116m▄\e[38;2;28;22;15;48;2;22;17;12m▄\e[38;2;40;31;22;48;2;73;57;41m▄\e[38;2;22;17;12;48;2;73;57;41m▄▄▄\e[38;2;85;66;48;48;2;113;87;64m▄\e[38;2;113;87;64;48;2;142;109;80m▄\e[48;2;142;109;80m \e[38;2;173;141;112;48;2;166;133;104m▄\e[38;2;91;70;51;48;2;59;46;33m▄\e[38;2;0;0;0;49m▄\e[49;38;2;0;0;0m▀\e[38;2;0;0;0;48;2;113;87;64m▄\e[38;2;0;0;0;48;2;45;35;25m▄\e[49;38;2;0;0;0m▀\e[49m                  \e[m
\e[49m                       \e[38;2;0;0;0;49m▄\e[38;2;80;62;45;48;2;13;10;7m▄\e[38;2;73;57;41;48;2;113;87;64m▄\e[49;38;2;59;46;33m▀\e[49m \e[48;2;0;0;0m \e[38;2;177;145;116;48;2;165;134;106m▄\e[48;2;73;57;41m \e[48;2;0;0;0m \e[49;38;2;0;0;0m▀▀\e[48;2;73;57;41m \e[48;2;0;0;0m \e[49;38;2;0;0;0m▀\e[49;38;2;59;46;33m▀\e[38;2;0;0;0;48;2;105;81;59m▄\e[38;2;100;77;56;48;2;113;87;64m▄\e[38;2;177;145;116;48;2;119;92;68m▄\e[48;2;0;0;0m \e[49m                      \e[m
\e[49m                      \e[38;2;73;57;41;48;2;0;0;0m▄\e[38;2;67;52;37;48;2;100;77;56m▄\e[38;2;59;46;33;48;2;105;81;59m▄\e[49;38;2;0;0;0m▀\e[38;2;54;42;30;49m▄\e[38;2;54;42;30;48;2;0;0;0m▄\e[38;2;54;42;30;48;2;142;109;80m▄\e[38;2;0;0;0;48;2;177;145;116m▄\e[49;38;2;0;0;0m▀\e[49m \e[38;2;0;0;0;49m▄\e[38;2;54;42;30;48;2;0;0;0m▄\e[38;2;73;57;41;48;2;113;87;64m▄\e[49;38;2;0;0;0m▀\e[49m \e[38;2;73;57;41;49m▄\e[38;2;142;109;80;48;2;0;0;0m▄\e[38;2;81;62;45;48;2;100;77;56m▄\e[38;2;59;46;33;48;2;157;128;101m▄\e[49;38;2;0;0;0m▀\e[49m                      \e[m
\e[49m                          \e[49;38;2;0;0;0m▀\e[49;38;2;73;57;41m▀▀\e[49m        \e[49;38;2;0;0;0m▀▀\e[49;38;2;54;42;30m▀\e[49;38;2;72;56;40m▀\e[49m                       \e[m
\e[49m                                                                \e[m
\e[49m                                                                \e[m
\e[49m                                                                \e[m
\e[49m                                                                \e[m
\e[49m                                                                \e[m